znak-kirpich-e1549735716143_jpg.rf.2535414cecd7655c680e070572574745.jpg 39,30,363,296,0
k4ke_jpg.rf.2ac79dbf89fa886edf838c004d063c38.jpg 89,45,178,163,0
de-1200_jpg.rf.5b3277e33b3e7912a42a557f9fbcbf8a.jpg 130,10,381,265,0
0dcc70a47f5f8695e16b03b0784bfda0_jpg.rf.088ab759080f2548d6f3655af65fe20d.jpg 117,1,317,267,0
281ujog7b81kv_3kmm45_jpeg.rf.ddd4977b5c55adb018ba06825da383a8.jpg 33,44,151,255,0
1567847_jpg.rf.0c03ad90c03780d24252d2521179d054.jpg 107,105,269,332,0
original--1-_jpg.rf.7e54b8bf5e6d18274175367321e9b3a6.jpg 99,43,223,264,0
2412280_jpg.rf.459ac2ec484fa5f8bb95a8e84b46c264.jpg 115,123,274,347,0
znak-kirpich4_jpg.rf.51d113fac54305540710f4abc1bdcfff.jpg 93,65,214,244,0 203,83,331,260,0
1535951728556_default_jpg.rf.652b6f58e8ffb45b32b0bab91d929081.jpg 141,48,204,141,0
atat3mwauyzdxicdorgf1jwpcf6wcds0_jpg.rf.3d1db4046f3e5d43ad75cd8d5e2c9686.jpg 121,62,288,311,0
original_jpg.rf.e13a3e6bac2f48b55993512037d11512.jpg 27,44,168,307,0
image_07_jpg.rf.a5c7fbb93413774ef18ddcda89e0cd00.jpg 104,43,312,358,0
v-voronezhe-na-7-chasov-perekroyut-dvizhenie-po-ul-rzhevskoy-foto-1_jpeg.rf.fec383add35d5d3096ddfd78a06621cd.jpg 45,66,223,299,0
dorozhnyj_znak_kirpich_img_5_jpg.rf.81520f9b67657df443b6b15aaa0f390e.jpg 143,163,216,266,0
XaHusnIrQ_JG-9--10-_jpg.rf.a21b7cf865f29c0e2185145fd2014a85.jpg 218,4,359,297,0
image-1657116692_859_jpg.rf.384521de1278f3f7e216ce29371d0fc1.jpg 139,66,382,368,0
IMG_9666_jpg.rf.1669978b00f4954c4ba6bfea2f6c4057.jpg 76,69,287,354,0
53371865_jpg.rf.860dcc5a1076219eacefddbd9a427383.jpg 90,88,329,328,0
44dbddaae9569039d8aed398f1cbed6d_jpg.rf.8039d8115552584d6847a652895f3333.jpg 143,88,308,309,0